   0.0000000e+00   0.0000000e+00   0.0000000e+00   0.0000000e+00   0.0000000e+00   0.0000000e+00
  -2.9885265e-03  -6.3201312e-03   4.0133852e-02   3.2562033e-04  -8.3601826e-05   1.0100197e-04
  -1.4571206e-02   2.2358958e-02   5.9959188e-02  -4.6007158e-04  -9.5699507e-05   2.7712225e-04
  -1.8190003e-02  -2.6411776e-02   8.2538937e-02  -6.8523839e-05  -5.3874199e-05   3.1814885e-04
  -2.0334883e-02  -7.6468603e-02   8.4685126e-02   6.6583042e-04   2.8925746e-05   2.1153378e-04
   6.6296462e-03  -9.9458209e-02   3.5334821e-02  -1.3060252e-03  -6.8092808e-04  -3.8417791e-04
   4.1849873e-02   2.8206465e-02   8.8971431e-03   9.9753964e-05  -5.9581037e-04   5.7297056e-04
   5.3835902e-02   5.9483504e-03   1.1690755e-02  -9.4832590e-04  -1.2732196e-03  -2.7055451e-04
   8.2824573e-02  -5.4872218e-02   5.0992387e-02  -6.7475967e-04  -9.7307462e-05  -6.6559515e-05
   1.1180986e-01   1.5276370e-02   3.7516760e-02  -1.4747089e-03  -1.1018792e-03   9.8058098e-04
   6.3885571e-02   5.1108575e-02   4.1202638e-02  -2.6233164e-03  -1.7710245e-03  -3.3382961e-04
   9.3377330e-02   1.0330784e-01   1.5117270e-01  -5.3147651e-03  -2.3254415e-03   1.3106343e-03
   7.6158148e-02   1.5649842e-01   1.1189292e-01  -7.4889028e-03  -2.0335926e-03   1.0787482e-03
   6.9310856e-02   2.2557467e-01   1.2505753e-01  -8.3875604e-03  -3.0241779e-03   1.0337364e-03
   7.5809148e-02   1.6062707e-01   1.9171917e-01  -7.2433284e-03  -2.9389464e-03   8.6133858e-04
   6.6091213e-02   1.3161369e-01   2.2843870e-01  -6.8070538e-03  -2.6530164e-03   5.1998086e-04
   5.7351820e-02   1.6626804e-01   2.4445552e-01  -6.8280574e-03  -2.0589743e-03   1.3224553e-03
   7.3376831e-02   1.1633481e-01   2.6847785e-01  -7.4671917e-03  -1.7548048e-03   1.8623788e-03
   8.3521238e-02   1.3071409e-01   2.4602036e-01  -7.1856652e-03  -1.8906487e-03   1.7731850e-03
   7.3886796e-02   1.3788983e-01   2.3726286e-01  -7.1769403e-03  -2.1627279e-03   1.7539622e-03
   8.8588750e-03   2.2611960e-01   2.1585540e-01  -6.1785959e-03  -3.1205734e-05   4.3913943e-03
   3.4916709e-02   1.3060746e-01   2.5971731e-01  -6.0857692e-03  -4.7892288e-04   3.2254214e-03
  -4.5377884e-03   1.5827699e-01   2.9199497e-01  -7.2364866e-03  -1.6637036e-04   4.0871300e-03
   1.1810288e-02   1.2867769e-01   3.4690758e-01  -6.9944538e-03  -4.0463827e-04   3.3274450e-03
   1.3505956e-02   6.8314797e-02   3.3183036e-01  -6.2724891e-03  -2.0308183e-04   3.3240614e-03
  -1.1136022e-02   1.1060844e-01   3.2125781e-01  -6.4330098e-03   2.1480877e-04   3.6560426e-03
  -2.2172093e-02   1.2699520e-01   3.6320325e-01  -7.3296714e-03   1.6457434e-04   3.6422742e-03
   1.3764331e-02   1.6392285e-01   3.1405388e-01  -7.3486309e-03   1.1426776e-04   3.8331890e-03
   1.0377428e-02   1.2794785e-01   2.6474800e-01  -7.0316947e-03  -2.5821396e-04   3.8917885e-03
  -2.6860703e-02   1.6103355e-01   3.9464261e-01  -7.4092885e-03   4.0112670e-05   4.0348673e-03
  -1.0032218e-02   1.0346195e-01   3.8135594e-01  -7.4878450e-03  -7.4984843e-04   3.5000024e-03
  -1.3187180e-03   1.8061272e-01   3.4736670e-01  -7.8503357e-03   7.7853231e-05   3.1957634e-03
   1.3819892e-02   1.3892039e-01   3.7538829e-01  -7.6302877e-03   2.9528968e-04   3.8805030e-03
  -1.8689098e-03   1.6930136e-01   3.9914163e-01  -8.1662746e-03  -2.0574015e-04   3.6256030e-03
   5.1866911e-02   1.7132157e-01   8.8340219e-01  -6.1009898e-03  -1.3564154e-03   4.5660781e-03
   5.8104327e-02  -8.0730543e-03   7.0577157e-01  -1.2586177e-03   1.5410649e-04   7.3782867e-03
   4.8548631e-02  -9.4810467e-02   7.5986449e-01  -4.4303782e-03   2.4791462e-03   7.1316009e-03
   9.7364384e-02  -4.2430911e-02   8.3623708e-01  -5.4812784e-03   2.9430898e-03   6.2614975e-03
   1.3400720e-01   7.8322584e-02   7.7353664e-01  -6.2490709e-03   2.3819255e-03   6.0786135e-03
   1.4153388e-01   9.8175922e-02   8.1263036e-01  -6.7454105e-03   2.5785511e-03   6.0512534e-03
   1.3696473e-01   1.1323848e-01   8.0192810e-01  -7.2405491e-03   2.3815477e-03   5.9193260e-03
   1.3564168e-01   1.5761655e-01   7.8010627e-01  -7.7210917e-03   2.4306848e-03   6.1410455e-03
   1.4312586e-01   1.7030562e-01   7.4912809e-01  -7.6324479e-03   2.6422906e-03   6.6840797e-03
   7.7176898e-02   2.0243932e-01   8.4016112e-01  -8.7582512e-03   1.8865163e-03   6.1947218e-03
   5.2528928e-02   1.3039778e-01   8.7009351e-01  -8.7185736e-03   1.1341886e-03   6.1348400e-03
   6.9738572e-02   5.0627178e-02   8.6825444e-01  -8.6075035e-03   2.0924085e-03   6.3409578e-03
   4.8553258e-02   9.4386854e-02   8.4536660e-01  -8.0702407e-03   2.5472569e-03   6.5046119e-03
   1.0504707e-01   2.7358015e-02   8.3377092e-01  -7.4127892e-03   2.8316465e-03   6.4584878e-03
   9.0875991e-02   6.6403331e-02   8.2199027e-01  -7.4646234e-03   3.5391481e-03   6.6721962e-03
   8.3583896e-02   2.3675007e-02   8.8936584e-01  -7.4752842e-03   3.1306228e-03   6.5550634e-03
   8.1324838e-02   4.6867000e-02   7.9283208e-01  -7.6499067e-03   2.0687873e-03   6.2684942e-03
   2.2411560e-02   8.5685534e-02   7.3411574e-01  -8.1431198e-03   2.5642640e-03   6.1643355e-03
   3.2153707e-02   8.6929560e-02   7.8485698e-01  -7.6956165e-03   2.5806957e-03   6.4546112e-03
   1.8116408e-02   9.6004465e-02   8.7646894e-01  -7.7133645e-03   3.1363054e-03   6.4190130e-03
   2.5769045e-02   4.9668201e-02   8.4346577e-01  -7.9024717e-03   2.8937570e-03   6.4298738e-03
   2.1731466e-02   9.2476618e-02   7.9380415e-01  -8.8008940e-03   3.9651409e-03   6.5928738e-03
   3.3108396e-02   1.0582394e-01   8.2526328e-01  -9.3690727e-03   2.8820061e-03   6.4229795e-03
   1.6850116e-02   5.6161599e-02   8.9518819e-01  -8.6459703e-03   3.1509457e-03   6.0977638e-03
   3.1534354e-02   4.1940145e-02   8.9367960e-01  -8.7330983e-03   3.2555505e-03   5.9734291e-03
   7.6597807e-04   8.2629835e-02   8.1293418e-01  -8.3153700e-03   3.4204226e-03   6.4464488e-03
   1.6272263e-02   1.0297308e-01   8.7338414e-01  -8.8881077e-03   2.7017503e-03   5.8855268e-03
  -3.4379537e-03   2.0818647e-01   8.9780838e-01  -9.6103693e-03   2.5947734e-03   5.9398310e-03
  -1.1343710e-02   1.4190269e-01   8.8723327e-01  -9.4803054e-03   2.9706448e-03   6.0603564e-03
  -4.2254164e-02   1.7610650e-01   9.3948365e-01  -1.0119445e-02   3.5875179e-03   6.3786718e-03
  -2.2878639e-02   1.6951409e-01   9.3415992e-01  -9.6411042e-03   3.6840517e-03   5.8563679e-03
  -1.4555434e-02   2.0912902e-01   7.6225613e-01  -8.7837196e-03   2.9439415e-03   6.2801904e-03
   6.1228477e-02   3.2430130e-01   6.0916914e-01  -1.0649262e-02   2.6535249e-03   6.9451605e-03
   2.0023494e-02   4.3703796e-01   6.8419743e-01  -1.1028658e-02   2.5652971e-03   6.4951825e-03
   1.4864288e-02   3.6640144e-01   7.0964506e-01  -1.0740806e-02   2.8849794e-03   6.0068693e-03
   1.9985048e-02   3.9324076e-01   6.0307585e-01  -1.1611582e-02   4.1292077e-03   6.6341237e-03
   3.5865509e-02   4.0280457e-01   5.7275867e-01  -1.2027679e-02   2.8935799e-03   6.8956263e-03
   3.2693376e-03   3.5936593e-01   5.9456612e-01  -1.0397734e-02   2.6711865e-03   6.1520029e-03
  -1.5253449e-02   3.6392503e-01   6.2380462e-01  -1.1073920e-02   3.3300467e-03   5.7028053e-03
  -9.2020203e-03   3.9478820e-01   5.9101333e-01  -1.2524890e-02   3.2716081e-03   5.4723852e-03
  -1.7776243e-02   3.8913232e-01   6.6581371e-01  -1.3046703e-02   3.8229752e-03   6.3609499e-03
   2.1370714e-02   4.2028094e-01   6.6857481e-01  -1.3100888e-02   3.6118991e-03   6.5006691e-03
   1.5659852e-02   4.3785254e-01   5.8559984e-01  -1.3477936e-02   4.2291398e-03   6.5077712e-03
   7.4201221e-02   5.4147258e-01   6.2654592e-01  -1.4595419e-02   3.2663051e-03   6.6823399e-03
   6.0109826e-04   4.6499237e-01   6.8393812e-01  -1.4719363e-02   2.5059463e-03   6.1770916e-03
  -2.5768494e-02   5.2556870e-01   7.3032476e-01  -1.5050384e-02   3.6017693e-03   6.9819964e-03
  -7.4803975e-03   4.7616207e-01   7.2078780e-01  -1.5545175e-02   3.1871217e-03   6.5733894e-03
  -1.6656160e-03   5.2509300e-01   6.9800346e-01  -1.5891471e-02   2.8301396e-03   6.5542313e-03
   3.7236949e-02   4.6415732e-01   6.6468789e-01  -1.5027574e-02   3.6093905e-03   6.4421160e-03
   4.4825959e-02   5.0442967e-01   6.5106441e-01  -1.5369230e-02   4.3002903e-03   6.5718412e-03
   6.3790523e-02   5.2141864e-01   6.7835216e-01  -1.5744883e-02   4.5764253e-03   6.9708773e-03
   9.5296556e-02   4.5751084e-01   6.4182677e-01  -1.5687429e-02   4.6188834e-03   7.4339890e-03
   1.1831102e-01   4.8715624e-01   6.4171311e-01  -1.5768545e-02   4.7273225e-03   7.3403310e-03
   9.9408969e-02   5.7070783e-01   6.4219975e-01  -1.6203092e-02   5.1129440e-03   7.1009670e-03
   8.7537180e-02   5.6925164e-01   6.4366261e-01  -1.6593825e-02   4.4581288e-03   7.0221221e-03
   1.3542493e-01   5.0027596e-01   6.0651337e-01  -1.6272657e-02   4.1725456e-03   6.9856015e-03
   1.2346415e-01   6.1094346e-01   5.7215067e-01  -1.7001197e-02   4.2726623e-03   6.8625736e-03
   1.2667985e-01   5.6865273e-01   5.6897774e-01  -1.6952913e-02   3.7208546e-03   6.6686150e-03
   1.2355924e-01   5.4415300e-01   5.9067405e-01  -1.6130930e-02   4.0346483e-03   6.8496004e-03
   1.0905027e-01   5.5870710e-01   5.9151156e-01  -1.5623965e-02   4.6112255e-03   6.4972765e-03
   6.4070659e-02   6.2475842e-01   6.3695433e-01  -1.7627947e-02   4.5666112e-03   6.5850744e-03
   9.0178389e-02   5.3544239e-01   6.5265076e-01  -1.6840162e-02   4.5438331e-03   6.3459522e-03
   8.4359907e-02   5.4446686e-01   6.2046113e-01  -1.7250768e-02   4.4717755e-03   6.4791757e-03
   1.3109739e-01   5.5779949e-01   6.6991363e-01  -1.6557694e-02   5.1085483e-03   5.9259914e-03
   2.6939873e-01   4.7554791e-01   3.2602452e-01  -1.3017886e-02   2.3598246e-03   7.5095666e-03
   2.7748546e-01   6.4361877e-01   2.6036674e-01  -1.5216720e-02   1.9518377e-03   8.7381043e-03
   2.6604249e-01   6.8310618e-01   3.0331651e-01  -1.5992445e-02   2.8669642e-03   8.5197026e-03
   2.2369217e-01   8.0947678e-01   4.2820919e-01  -1.8695120e-02   2.0380208e-03   7.7399505e-03
   2.1623157e-01   7.4383734e-01   4.6068782e-01  -1.8686671e-02   1.4264224e-03   6.8896359e-03
   2.1518252e-01   7.5855741e-01   4.1409558e-01  -1.9214460e-02   2.6404295e-03   6.9572390e-03
   2.1709877e-01   8.0526926e-01   3.8062013e-01  -1.9423296e-02   2.1420816e-03   7.1290492e-03
   2.2238910e-01   7.2402441e-01   3.8608187e-01  -1.8481604e-02   2.2911727e-03   7.3290189e-03
   2.2817117e-01   7.2777088e-01   3.7165790e-01  -1.8736554e-02   3.0006475e-03   7.5301578e-03
   2.3278211e-01   7.4887843e-01   3.8381041e-01  -1.9806404e-02   2.9030184e-03   7.7516291e-03
   2.5464018e-01   6.9432543e-01   3.0559050e-01  -1.9763930e-02   2.9089620e-03   7.7139617e-03
   2.6248121e-01   6.6990758e-01   3.2507501e-01  -1.8852238e-02   3.1805467e-03   7.6449067e-03
   2.8165933e-01   6.8008433e-01   2.8069918e-01  -1.7911781e-02   3.2391259e-03   7.2884614e-03
   2.5222035e-01   7.6855163e-01   3.5017414e-01  -1.8724181e-02   3.3521911e-03   7.1916147e-03
   2.4761096e-01   6.8937140e-01   3.6507235e-01  -1.8463550e-02   3.1627433e-03   7.3184965e-03
   2.5137395e-01   6.9016915e-01   3.9144073e-01  -1.8264358e-02   3.3444007e-03   7.0163779e-03
   2.5515605e-01   7.6147369e-01   3.6484736e-01  -1.8753026e-02   3.3704578e-03   7.4857665e-03
   2.1916192e-01   7.6406231e-01   4.2490536e-01  -1.9691987e-02   3.2440197e-03   7.0417600e-03
   2.2367622e-01   8.1888653e-01   2.3001083e-01  -1.9370774e-02   2.4216560e-03   8.6051098e-03
   2.4992642e-01   7.6934436e-01   2.3108230e-01  -1.8077163e-02   3.6615944e-03   8.2445987e-03
   2.2763323e-01   8.8679391e-01   3.3413890e-01  -1.9145902e-02   4.1691822e-03   8.8108617e-03
   2.5324069e-01   8.0339197e-01   2.6639401e-01  -1.9073375e-02   3.9258163e-03   7.7381049e-03
   2.5064320e-01   8.9689546e-01   2.7600546e-01  -2.0566004e-02   3.0986747e-03   8.1762759e-03
   2.4045281e-01   7.6172950e-01   3.3336738e-01  -1.9623702e-02   1.9959697e-03   7.3970913e-03
   1.8443527e-01   9.0245668e-01   5.7775835e-01  -2.3529487e-02   3.8760490e-03   6.3360377e-03
   1.7320714e-01   9.2731635e-01   6.0549658e-01  -2.4078021e-02   3.6670732e-03   6.4637721e-03
   1.5059178e-01   8.1250663e-01   6.3040395e-01  -2.2859632e-02   3.6627218e-03   6.4434481e-03
   1.3556155e-01   8.2557965e-01   6.2157839e-01  -2.3061705e-02   3.6997538e-03   6.1574085e-03
   1.4399534e-01   7.8276729e-01   6.4754437e-01  -2.2595907e-02   4.1297025e-03   6.3618049e-03
   1.3611330e-01   8.4030557e-01   6.0824243e-01  -2.3020920e-02   4.8137572e-03   6.6197470e-03
