   0.0000000e+00   0.0000000e+00   0.0000000e+00   0.0000000e+00   0.0000000e+00   0.0000000e+00
  -1.0024896e-02   4.0703976e-03   5.5142658e-02   2.2409255e-04   2.8105222e-05   1.1721914e-04
  -1.4675037e-02   1.6547559e-02   8.3097280e-02  -5.7735034e-04   1.2119462e-04   1.4342570e-04
  -2.9217576e-02  -4.6646378e-02   8.1784401e-02   4.4537804e-04   1.4765903e-04   3.4596968e-04
  -1.5364681e-02  -7.8970105e-02   8.1197436e-02   8.9856395e-05   8.8858435e-05  -1.8927019e-05
   3.5495317e-03  -8.6501121e-02   7.5846074e-02  -1.0927925e-03  -8.4255855e-04  -2.2066111e-04
   5.3363469e-02   2.7134249e-02   4.2131560e-02   3.4188520e-04  -5.8671375e-04   5.5953020e-04
   4.3421110e-02  -1.0828317e-02  -1.2901945e-03  -1.1376439e-03  -1.3532462e-03  -6.6691278e-04
   9.0858416e-02  -4.9652842e-02   2.3735778e-02  -7.6900852e-04  -9.2461650e-05   3.1536133e-04
   1.1368198e-01   2.8648458e-02   4.7054915e-02  -1.7297106e-03  -7.0890541e-04   7.1667595e-04
   5.0991407e-02   6.6027648e-02   6.5739474e-02  -3.1502730e-03  -2.0758411e-03  -2.3502851e-04
   1.0061250e-01   9.5120449e-02   1.4963268e-01  -5.4367138e-03  -2.2246733e-03   1.4040035e-03
   7.5319951e-02   1.7421420e-01   1.3272265e-01  -7.8082182e-03  -1.9571243e-03   8.2562316e-04
   6.9071170e-02   2.2204400e-01   1.0541019e-01  -8.4268300e-03  -2.8126284e-03   1.0695167e-03
   6.8538418e-02   1.3755567e-01   1.8655979e-01  -7.2152329e-03  -2.7179712e-03   5.6578819e-04
   5.3404727e-02   1.4420616e-01   2.4366640e-01  -6.8220499e-03  -2.4859315e-03   8.1558706e-04
   5.4781101e-02   1.6310482e-01   2.6907315e-01  -6.8978259e-03  -2.0549370e-03   1.2441409e-03
   7.3950988e-02   1.1477538e-01   2.6868367e-01  -7.5340372e-03  -1.5904550e-03   1.8906290e-03
   8.8107498e-02   1.2673162e-01   2.3664754e-01  -7.3059739e-03  -1.9173663e-03   1.5889149e-03
   4.8563515e-02   1.6761239e-01   2.8286088e-01  -7.1480191e-03  -1.6315058e-03   2.2586261e-03
   7.9157413e-03   1.9080897e-01   2.1817056e-01  -5.6432975e-03   4.0935677e-05   4.2236274e-03
   2.4398808e-02   1.4131996e-01   2.3540460e-01  -6.7207540e-03  -2.5360083e-04   3.2993526e-03
  -9.5335733e-03   1.5263005e-01   3.3774906e-01  -6.9692491e-03  -1.5732784e-04   4.1069821e-03
   1.9254017e-02   1.1458794e-01   3.2519837e-01  -7.0537295e-03  -3.2808679e-04   2.9892714e-03
  -3.0326838e-03   7.5019934e-02   3.5559911e-01  -6.1109056e-03   1.0134594e-04   3.5180064e-03
  -1.1925747e-02   1.2342687e-01   3.3300521e-01  -6.8717649e-03   2.9212709e-04   3.4980785e-03
  -2.9257180e-02   1.0193085e-01   3.8205508e-01  -7.0248054e-03   3.6032931e-04   3.6178795e-03
   2.6633036e-02   1.5895609e-01   3.0925840e-01  -7.3376758e-03  -1.3342957e-04   3.7621105e-03
  -5.9775572e-03   1.5384087e-01   2.9391522e-01  -7.1332571e-03   9.7631105e-05   4.0120198e-03
  -2.0631838e-02   1.4419314e-01   3.8655873e-01  -7.6156773e-03   5.1715536e-05   3.8767730e-03
  -1.0722244e-02   1.1359430e-01   3.9278421e-01  -7.3814078e-03  -7.7205110e-04   3.3876944e-03
  -3.4386526e-03   1.7082600e-01   3.4715790e-01  -7.9822965e-03   2.9878617e-04   3.1602377e-03
   6.5525916e-03   1.4994423e-01   3.9338037e-01  -7.5788973e-03   2.7379135e-04   4.0776778e-03
  -2.1894049e-03   1.6713836e-01   3.8884573e-01  -8.7572545e-03  -1.2334285e-04   3.2437060e-03
   4.7368690e-02   1.7810764e-01   8.1434889e-01  -5.9110450e-03  -1.4352804e-03   5.0308059e-03
   4.3711509e-02  -1.0408602e-02   8.2587823e-01  -6.7442839e-04   5.7139929e-04   7.8471941e-03
   4.5830217e-02  -1.3922522e-01   7.6337903e-01  -4.5460246e-03   2.6538832e-03   6.6999654e-03
   1.0768358e-01  -1.3360381e-02   7.9754572e-01  -5.7774311e-03   2.6331679e-03   6.1780011e-03
   1.3007104e-01   8.7392872e-02   7.6894700e-01  -6.7159353e-03   2.5788124e-03   5.9811328e-03
   1.4402735e-01   1.0869855e-01   8.0074539e-01  -6.9364177e-03   2.6217193e-03   6.0197721e-03
   1.3263142e-01   1.0497763e-01   8.2373373e-01  -7.3585792e-03   2.4969558e-03   5.7876536e-03
   1.4031327e-01   1.5813052e-01   7.9496005e-01  -7.5360068e-03   2.4502305e-03   6.2636682e-03
   1.3073585e-01   1.8920202e-01   7.8890191e-01  -7.9961762e-03   2.9672913e-03   6.6370866e-03
   7.2379687e-02   1.9270561e-01   8.7210390e-01  -8.6574792e-03   2.0641732e-03   6.0149313e-03
   4.4999306e-02   1.1056265e-01   8.5766955e-01  -8.6815196e-03   1.2278627e-03   6.2686074e-03
   6.0456972e-02   6.2126933e-02   8.8609114e-01  -8.6065487e-03   2.3921974e-03   6.3826654e-03
   5.1837527e-02   7.3378129e-02   8.4723371e-01  -7.8373866e-03   2.4222626e-03   6.4038584e-03
   1.0546920e-01   2.6450087e-02   8.3930078e-01  -7.5350243e-03   2.9087819e-03   6.4418340e-03
   7.7481881e-02   7.7366496e-02   8.6205808e-01  -7.1869637e-03   3.8688317e-03   6.7296908e-03
   9.6179784e-02   1.8268832e-03   8.7233445e-01  -7.5781972e-03   2.8969969e-03   6.3101862e-03
   6.6343201e-02   5.2540693e-02   8.0449082e-01  -7.5377981e-03   2.5407606e-03   6.2435871e-03
   2.2914359e-02   7.9664745e-02   7.4501796e-01  -8.2134845e-03   2.5950197e-03   6.0718161e-03
   1.8338659e-02   1.0791561e-01   8.1522086e-01  -7.7323586e-03   2.9320506e-03   6.6441435e-03
   2.0165761e-02   7.4031994e-02   8.5692381e-01  -7.7980938e-03   3.0864706e-03   6.1855969e-03
   1.8514169e-02   4.7473093e-02   8.4201337e-01  -7.8541569e-03   3.1567912e-03   6.5229944e-03
   1.9712141e-02   1.1777756e-01   8.2566486e-01  -9.2345583e-03   3.7035951e-03   6.5924748e-03
   3.1514367e-02   8.9183173e-02   8.2782693e-01  -9.0563238e-03   3.2777585e-03   6.2374419e-03
   1.6319946e-02   5.0283871e-02   8.8896301e-01  -8.9106744e-03   3.1848052e-03   5.9269544e-03
   2.3951154e-02   4.5317762e-02   8.9682964e-01  -8.7068420e-03   3.5020932e-03   6.1341512e-03
   2.5968131e-03   8.8997890e-02   8.4566984e-01  -8.1848991e-03   3.3407985e-03   6.3656972e-03
   1.4676969e-02   1.0764670e-01   8.7472254e-01  -9.1738600e-03   2.7570765e-03   5.7474564e-03
  -7.5258530e-03   2.0756996e-01   8.8848736e-01  -9.6751868e-03   2.8435469e-03   5.9435232e-03
  -2.5906927e-02   1.3960150e-01   9.0676282e-01  -9.4929715e-03   3.3525832e-03   6.1050849e-03
  -4.0905159e-02   1.8058923e-01   9.4038521e-01  -1.0387151e-02   3.5077344e-03   6.2327746e-03
  -2.1661288e-02   1.3970995e-01   9.5747959e-01  -8.8058641e-03   3.8159473e-03   5.7655339e-03
  -6.5460954e-03   2.2027147e-01   8.0059227e-01  -8.8451792e-03   2.7573170e-03   6.5854874e-03
   6.0452390e-02   3.6383053e-01   6.0722806e-01  -1.1147244e-02   2.4605329e-03   6.7657998e-03
   1.3127346e-02   4.0783678e-01   6.8790561e-01  -1.0854163e-02   3.0467005e-03   6.2876210e-03
   1.0093784e-02   3.7640257e-01   6.8208464e-01  -1.1003989e-02   2.9656387e-03   6.0851403e-03
   1.8151377e-02   4.0081629e-01   6.6552918e-01  -1.1549009e-02   4.0501568e-03   6.7043956e-03
   4.2752676e-02   3.9114225e-01   5.5720145e-01  -1.1843461e-02   3.0435751e-03   6.6663249e-03
  -1.9596234e-02   3.3542110e-01   6.0491660e-01  -1.0113139e-02   3.2105368e-03   6.1145954e-03
  -5.5544820e-03   3.9014935e-01   6.1094625e-01  -1.1814365e-02   3.1091481e-03   5.5300200e-03
  -2.3395610e-02   4.0226707e-01   6.4111021e-01  -1.2467594e-02   3.4303743e-03   5.6133448e-03
  -6.4285947e-03   3.7746076e-01   6.5497493e-01  -1.3215077e-02   3.6952766e-03   6.4108201e-03
   9.7638432e-03   4.1562115e-01   6.7141863e-01  -1.2978787e-02   3.9034005e-03   6.4039011e-03
   1.9452298e-02   4.7321048e-01   6.1000470e-01  -1.3917925e-02   4.0027519e-03   6.5795267e-03
   7.9252469e-02   5.2107875e-01   6.1828700e-01  -1.4576747e-02   3.3247340e-03   6.4114469e-03
  -2.1838571e-02   4.8190671e-01   6.7498245e-01  -1.5044188e-02   3.1369044e-03   6.3642535e-03
  -2.2760693e-02   5.2627221e-01   7.5524970e-01  -1.5170217e-02   3.4743462e-03   6.9344552e-03
  -3.8494584e-03   4.6199522e-01   7.4018035e-01  -1.5363040e-02   3.2121908e-03   6.4908050e-03
  -4.4167504e-03   5.1875719e-01   6.9874287e-01  -1.5770932e-02   2.9238375e-03   6.4719602e-03
   3.1441538e-02   4.6496604e-01   6.5702348e-01  -1.5032600e-02   3.7603774e-03   6.3337614e-03
   3.7326220e-02   5.1622643e-01   6.7904326e-01  -1.5479095e-02   4.3706338e-03   6.6896735e-03
   7.1757328e-02   4.9945636e-01   6.8489640e-01  -1.5572366e-02   4.4670241e-03   6.8878298e-03
   1.0090747e-01   4.5085221e-01   6.5280417e-01  -1.5700800e-02   4.6033945e-03   7.5568814e-03
   1.0747781e-01   5.1562628e-01   6.3842959e-01  -1.6144952e-02   4.8091157e-03   7.2040388e-03
   9.7886056e-02   5.6429640e-01   6.6637306e-01  -1.6105300e-02   5.3613935e-03   7.0807031e-03
   9.5904130e-02   5.4467576e-01   6.4218129e-01  -1.6433808e-02   4.3776818e-03   6.9058895e-03
   1.2685967e-01   5.3948140e-01   6.1522003e-01  -1.6571337e-02   4.2469243e-03   6.9490092e-03
   1.2722033e-01   5.8842819e-01   5.8440821e-01  -1.6867251e-02   4.3026909e-03   6.7366663e-03
   1.2657594e-01   5.5870328e-01   5.9839247e-01  -1.6772899e-02   3.7672465e-03   6.6967679e-03
   1.1568915e-01   5.3603900e-01   5.6501581e-01  -1.5928115e-02   4.4142507e-03   6.7482621e-03
   9.4574801e-02   5.7630922e-01   6.4190996e-01  -1.6020969e-02   4.6257919e-03   6.5725435e-03
   6.2865266e-02   6.1517356e-01   6.1456414e-01  -1.7856756e-02   4.8417082e-03   6.4500322e-03
   9.6423896e-02   5.2820522e-01   6.8074304e-01  -1.6373446e-02   4.3892872e-03   6.3299711e-03
   6.9587362e-02   5.4531997e-01   5.7873508e-01  -1.7824158e-02   4.9721474e-03   6.3419518e-03
   1.4781023e-01   5.6354020e-01   7.0904266e-01  -1.6187092e-02   4.3502701e-03   5.9309501e-03
   2.9249180e-01   4.6348026e-01   4.1510300e-01  -1.2033962e-02   1.9496869e-03   7.7718341e-03
   2.6770721e-01   6.3326803e-01   2.0806475e-01  -1.5297913e-02   2.3034817e-03   8.7796579e-03
   2.5727445e-01   7.2394871e-01   3.2710468e-01  -1.6914999e-02   3.1179186e-03   8.4648038e-03
   2.2861392e-01   7.9689034e-01   3.8347735e-01  -1.9044827e-02   2.1680640e-03   7.3275309e-03
   2.0524104e-01   7.5255060e-01   4.6965761e-01  -1.8758079e-02   1.5467302e-03   6.8955531e-03
   2.1480122e-01   7.6327786e-01   4.3629102e-01  -1.9347794e-02   2.6972158e-03   6.9040938e-03
   2.1692512e-01   7.9212451e-01   4.0549834e-01  -1.9151266e-02   2.1978373e-03   7.0878071e-03
   2.1328098e-01   7.2517341e-01   3.7497436e-01  -1.8502836e-02   2.5598766e-03   7.3958539e-03
   2.2278503e-01   7.4545632e-01   3.9817691e-01  -1.9047174e-02   3.0400728e-03   7.5740232e-03
   2.3835168e-01   7.2168090e-01   4.0514580e-01  -1.9583677e-02   2.8305703e-03   7.7200772e-03
   2.5465876e-01   6.7907423e-01   3.4336580e-01  -1.9338501e-02   2.9824872e-03   7.6055607e-03
   2.6298453e-01   6.7782440e-01   2.8558195e-01  -1.8898341e-02   3.2659209e-03   7.6290356e-03
   2.7241024e-01   6.9102481e-01   3.1851282e-01  -1.8053996e-02   3.3007564e-03   7.2630208e-03
   2.4822294e-01   7.6046308e-01   3.5054730e-01  -1.8837957e-02   3.5406411e-03   7.1412033e-03
   2.4714823e-01   6.6973947e-01   3.7499385e-01  -1.8209066e-02   3.2602756e-03   7.1815766e-03
   2.4566420e-01   7.1573825e-01   3.7612024e-01  -1.8654934e-02   3.6332959e-03   7.0687555e-03
   2.4914359e-01   7.5394182e-01   3.8297252e-01  -1.8736265e-02   3.3376288e-03   7.4161438e-03
   2.2112025e-01   7.6671885e-01   4.4329116e-01  -1.9813886e-02   3.3003317e-03   6.9359332e-03
   2.2264212e-01   8.0509665e-01   2.6506581e-01  -1.8714034e-02   2.5305263e-03   8.7173085e-03
   2.3273442e-01   7.9925743e-01   2.0225360e-01  -1.8621107e-02   3.8985243e-03   8.4375496e-03
   2.3741477e-01   8.7273783e-01   3.3956118e-01  -1.9192080e-02   4.1122717e-03   8.6400949e-03
   2.4731347e-01   8.2292637e-01   2.7309339e-01  -1.9451208e-02   4.0997490e-03   7.6600102e-03
   2.6298645e-01   8.8878265e-01   2.7665658e-01  -2.0306893e-02   2.7850757e-03   8.0693923e-03
   2.2466252e-01   7.6505223e-01   3.1616012e-01  -2.0291336e-02   2.6685182e-03   7.1325513e-03
   1.7167068e-01   9.3563725e-01   6.0190657e-01  -2.4347785e-02   4.0048251e-03   6.3196867e-03
   1.7451340e-01   8.9039360e-01   6.0161702e-01  -2.3604538e-02   3.9177372e-03   6.3892134e-03
   1.4010308e-01   8.2601802e-01   6.4077242e-01  -2.3017823e-02   3.9137963e-03   6.3896211e-03
   1.3322249e-01   8.0593569e-01   6.3013309e-01  -2.2843305e-02   3.7059870e-03   6.1488181e-03
   1.3560566e-01   7.8788017e-01   6.5755576e-01  -2.2723100e-02   4.3847956e-03   6.3836340e-03
   1.3167280e-01   8.5004261e-01   6.2575845e-01  -2.3053844e-02   4.9052488e-03   6.5913800e-03
